2.527170000000000000e+06 2.747230000000000000e+06
3.111650000000000000e+06 2.748590000000000000e+06
3.147690000000000000e+06 2.758670000000000000e+06
2.735730000000000000e+06 2.774630000000000000e+06
2.674910000000000000e+06 2.839130000000000000e+06
3.289470000000000000e+06 2.853140000000000000e+06
2.523870000000000000e+06 2.858790000000000000e+06
2.890110000000000000e+06 2.864890000000000000e+06
3.263890000000000000e+06 2.888330000000000000e+06
2.589450000000000000e+06 2.884190000000000000e+06
2.646030000000000000e+06 2.896490000000000000e+06
2.817360000000000000e+06 2.909350000000000000e+06
2.824780000000000000e+06 2.917770000000000000e+06
3.007630000000000000e+06 2.926190000000000000e+06
3.357850000000000000e+06 2.971770000000000000e+06
2.858700000000000000e+06 2.998550000000000000e+06
3.077990000000000000e+06 3.004530000000000000e+06
3.112310000000000000e+06 3.009050000000000000e+06
2.935420000000000000e+06 3.043110000000000000e+06
2.549040000000000000e+06 3.048340000000000000e+06
2.882690000000000000e+06 3.066610000000000000e+06
2.571030000000000000e+06 3.068330000000000000e+06
2.455090000000000000e+06 3.079610000000000000e+06
3.083950000000000000e+06 3.080910000000000000e+06
3.126890000000000000e+06 3.096790000000000000e+06
2.680610000000000000e+06 3.097510000000000000e+06
2.446610000000000000e+06 3.118380000000000000e+06
3.002730000000000000e+06 3.155070000000000000e+06
3.131390000000000000e+06 3.179910000000000000e+06
3.044730000000000000e+06 3.182750000000000000e+06
2.625230000000000000e+06 3.236230000000000000e+06
2.585470000000000000e+06 3.247950000000000000e+06
3.059850000000000000e+06 3.257670000000000000e+06
2.546130000000000000e+06 3.264990000000000000e+06
2.779070000000000000e+06 3.299650000000000000e+06
2.920580000000000000e+06 3.301610000000000000e+06
3.175120000000000000e+06 3.302310000000000000e+06
2.856310000000000000e+06 3.302860000000000000e+06
2.867710000000000000e+06 3.317110000000000000e+06
2.816430000000000000e+06 3.336900000000000000e+06
2.869830000000000000e+06 3.346350000000000000e+06
2.878570000000000000e+06 3.431370000000000000e+06
2.563090000000000000e+06 3.549450000000000000e+06
2.886130000000000000e+06 3.571590000000000000e+06
2.419190000000000000e+06 3.705090000000000000e+06
2.971190000000000000e+06 3.736370000000000000e+06
2.899110000000000000e+06 3.743250000000000000e+06
3.121990000000000000e+06 3.220950000000000000e+06
2.961930000000000000e+06 3.785150000000000000e+06
2.964050000000000000e+06 3.736890000000000000e+06
2.944430000000000000e+06 3.749610000000000000e+06
3.045130000000000000e+06 3.766430000000000000e+06
3.045390000000000000e+06 3.813150000000000000e+06
2.995570000000000000e+06 3.688450000000000000e+06
3.059050000000000000e+06 3.709010000000000000e+06
3.022070000000000000e+06 3.322830000000000000e+06
3.030950000000000000e+06 3.327430000000000000e+06
2.936870000000000000e+06 3.744940000000000000e+06
3.164130000000000000e+06 3.204930000000000000e+06
2.941390000000000000e+06 3.713570000000000000e+06
2.957410000000000000e+06 3.574530000000000000e+06
3.003270000000000000e+06 3.707950000000000000e+06
2.939390000000000000e+06 3.731690000000000000e+06
2.999950000000000000e+06 3.789650000000000000e+06
2.984050000000000000e+06 3.554010000000000000e+06
2.986310000000000000e+06 3.552410000000000000e+06
3.179230000000000000e+06 3.199390000000000000e+06
3.138410000000000000e+06 3.676110000000000000e+06
3.091770000000000000e+06 3.222090000000000000e+06
2.990670000000000000e+06 3.711350000000000000e+06
2.887720000000000000e+06 3.773550000000000000e+06
3.037190000000000000e+06 3.732330000000000000e+06
2.912490000000000000e+06 3.733510000000000000e+06
3.144250000000000000e+06 3.228870000000000000e+06
2.972530000000000000e+06 3.707170000000000000e+06
3.080510000000000000e+06 3.768110000000000000e+06
3.075750000000000000e+06 3.762430000000000000e+06
3.142650000000000000e+06 3.134450000000000000e+06
2.932370000000000000e+06 3.728570000000000000e+06
3.082230000000000000e+06 3.715270000000000000e+06
3.064090000000000000e+06 3.781530000000000000e+06
3.013200000000000000e+06 3.804170000000000000e+06
2.979950000000000000e+06 3.357050000000000000e+06
2.971470000000000000e+06 3.770570000000000000e+06
2.972530000000000000e+06 3.736490000000000000e+06
3.001930000000000000e+06 3.821210000000000000e+06
3.115490000000000000e+06 3.205500000000000000e+06
2.991470000000000000e+06 3.774970000000000000e+06
3.195790000000000000e+06 3.023630000000000000e+06
2.982460000000000000e+06 3.785410000000000000e+06
2.962710000000000000e+06 3.807130000000000000e+06
2.932630000000000000e+06 3.717490000000000000e+06
3.014390000000000000e+06 3.799930000000000000e+06
3.038510000000000000e+06 3.701810000000000000e+06
3.034010000000000000e+06 3.722710000000000000e+06
2.913950000000000000e+06 3.751290000000000000e+06
2.993060000000000000e+06 3.559250000000000000e+06
3.044070000000000000e+06 3.773930000000000000e+06
3.034010000000000000e+06 3.778050000000000000e+06
2.803970000000000000e+06 3.742870000000000000e+06
3.053610000000000000e+06 3.794790000000000000e+06
3.011210000000000000e+06 3.572930000000000000e+06
2.949590000000000000e+06 3.748970000000000000e+06
2.815370000000000000e+06 3.744430000000000000e+06
2.926550000000000000e+06 3.679670000000000000e+06
2.924950000000000000e+06 3.725180000000000000e+06
2.996770000000000000e+06 3.767210000000000000e+06
3.006840000000000000e+06 3.729090000000000000e+06
2.996110000000000000e+06 3.764750000000000000e+06
2.862150000000000000e+06 3.746370000000000000e+06
3.002600000000000000e+06 3.731030000000000000e+06
2.999550000000000000e+06 3.359400000000000000e+06
3.067530000000000000e+06 3.273000000000000000e+06
2.989610000000000000e+06 3.786950000000000000e+06
3.104490000000000000e+06 3.205070000000000000e+06
2.976890000000000000e+06 3.799430000000000000e+06
2.971590000000000000e+06 3.781410000000000000e+06
2.992270000000000000e+06 3.545690000000000000e+06
3.025790000000000000e+06 3.313630000000000000e+06
3.042350000000000000e+06 3.733370000000000000e+06
2.924690000000000000e+06 3.692250000000000000e+06
2.969350000000000000e+06 3.381960000000000000e+06
2.955430000000000000e+06 3.733770000000000000e+06
2.976370000000000000e+06 3.401830000000000000e+06
2.928130000000000000e+06 3.691870000000000000e+06
3.023800000000000000e+06 3.704950000000000000e+06
2.915810000000000000e+06 3.766430000000000000e+06
2.992390000000000000e+06 3.763850000000000000e+06
3.060240000000000000e+06 3.249770000000000000e+06
2.900440000000000000e+06 3.764890000000000000e+06
2.913030000000000000e+06 3.718270000000000000e+06
3.012670000000000000e+06 3.684910000000000000e+06
2.948930000000000000e+06 3.716190000000000000e+06
2.899910000000000000e+06 3.765410000000000000e+06
3.031350000000000000e+06 3.699590000000000000e+06
2.917930000000000000e+06 3.680590000000000000e+06
3.015590000000000000e+06 3.683470000000000000e+06
3.079850000000000000e+06 3.237790000000000000e+06
2.949870000000000000e+06 3.783470000000000000e+06
2.947350000000000000e+06 3.728050000000000000e+06
3.070570000000000000e+06 3.770310000000000000e+06
2.914750000000000000e+06 3.743250000000000000e+06
2.967750000000000000e+06 3.375610000000000000e+06
3.092970000000000000e+06 3.751690000000000000e+06
2.988430000000000000e+06 3.361210000000000000e+06
2.979550000000000000e+06 3.604430000000000000e+06
3.144510000000000000e+06 3.220950000000000000e+06
2.926010000000000000e+06 3.682550000000000000e+06
2.923630000000000000e+06 3.766830000000000000e+06
2.968290000000000000e+06 3.739230000000000000e+06
2.960070000000000000e+06 3.807370000000000000e+06
2.970010000000000000e+06 3.788490000000000000e+06
2.921770000000000000e+06 3.712530000000000000e+06
3.036520000000000000e+06 3.765670000000000000e+06
2.979010000000000000e+06 3.756470000000000000e+06
2.928270000000000000e+06 3.766310000000000000e+06
